72 
88 
96 
51 
23 
90 
60 
43 
90 
48 
52 
5 
64 
68 
51 
54 
73 
61 
24 
21 
9 
68 
57 
6 
97 
29 
17 
53 
34 
94 
23 
42 
31 
8 
29 
36 
80 
75 
28 
14 
85 
58 
77 
78 
87 
49 
93 
20 
81 
54 
15 
61 
77 
27 
46 
77 
34 
35 
62 
93 
49 
90 
3 
73 
83 
29 
65 
65 
89 
89 
4 
74 
17 
68 
88 
64 
21 
59 
65 
70 
77 
69 
11 
53 
38 
7 
64 
24 
3 
3 
32 
7 
51 
67 
58 
95 
93 
8 
94 
58 
89 76 51 66 44 83 75 16 19 43 84 74 37 0 1 47 23 32 15 99 22 84 39 95 88 72 53 82 20 73 81 12 19 45 15 37 17 53 59 74 63 82 49 91 90 57 75 97 87 5 49 82 5 44 40 45 28 8 38 28 47 51 61 42 24 56 46 26 38 4 40 33 60 85 77 40 52 24 23 58 23 41 83 23 99 67 18 33 41 97 25 33 95 84 40 85 57 10 33 81 